N	X			Y
1	0			0
2	0			1.43856
3	1.43856				0
4	1.43856				1.43856
5	0.6581412			0.8028963
6	0.339684753			0.651659844
7	0.9735255			0.4581414
8	0.3021975			1.1214774
9	0.1714284			0.0287712
10	0.7903089			0.661338
11	0.9983007			1.3825161
12	0.967651949			0.625027401
13	0.286553045			1.376151624
14	0.728501234			0.380544243
15	1.2766221			0.9833157
16	0.0138861			1.372626
17	1.15140114			1.261145407
18	1.218291379			0.612824618
19	1.3515471			0.4756239
20	0.494343402			0.574267941
21	0.813186			1.1499489
22	1.382587001			0.760732441
23	0.2997999			0.9686304
24	0.137559703			0.361645392
25	1.0256733			0.3812184
26	1.420112489			0.702875673
27	0.022393534			0.09931019
28	0.632078413			0.069043729
29	0.6752241			1.3389597
30	1.4123862			0.1367631
31	1.241527467			0.552237251
32	0.5332662			1.1837151
33	0.402474051			1.107635288
34	0.474075611			1.178757867
35	0.035661555			0.263263953
36	0.451169561			0.273219997
37	0.529018192			0.904905314
38	1.415248873			0.440505319
39	0.498434697			1.310518662
40	0.07149655			0.515140125
41	0.5811183			0.7071921
42	0.277680683			0.456736883
43	0.0163836			1.2122865
44	1.425768497			1.083437641
45	0.3294702			0.2640357
46	0.2798199			0.5480514
47	0.817928085			0.020238647
48	0.6047946			0.6617376
49	0.71928				1.2200787
50	0.850438484			0.807967359
51	1.206525555			0.246410846
52	0.901748329			0.640370138
53	0.272366352			0.660831541
54	0.9544446			0.545454
55	0.195047371			0.344059783
56	0.5311683			0.3448548
57	0.704914396			1.013981584
58	0.215111338			1.232084298
59	0.5566428			0.6466527
60	0.067171597			0.448715323
61	0.861432816			1.307418085
62	0.655371094			1.074735021
63	1.00324001			0.273470306
64	0.432591504			0.019577664
65	0.695974338			0.682107555
66	1.4137848			0.8654337
67	0.825672669			0.731379013
68	0.7963029			0.3997998
69	0.1856142			0.4291704
70	0.8614377			0.9086904
71	1.137034471			0.564836311
72	0.531601436			0.722597239
73	0.673042972			0.963633952
74	0.4102893			0.4249746
75	0.7068924			0.845154
76	0.978362146			1.275513334
77	0.2561436			0.2269728
78	0.1261737			1.1443545
79	1.1719269			1.392606
80	0.8098893			1.0032957
81	1.2772215			0.2282715
82	0.46884857			0.899227907
83	1.007740395			0.590933692
84	0.0937062			0.9152838
85	1.0856133			1.0696293
86	1.0243746			0.4843152
87	0.9548442			1.1425563
88	1.21417145			1.060288609
89	0.092230415			0.193351249
90	1.123542379			0.627321083
91	0.892201413			1.101260539
92	0.394490236			0.719315684
93	0.819847769			0.873260057
94	1.330668			0.3809187
95	0.37962				1.022976
96	0.315334838			1.305840469
97	0.001596489			0.887479195
98	0.4114881			0.9445545
99	0.2191806			0.4776219
100	0.509643425			1.237204779
101	0.1667331			0.7176816
102	1.1360628			0.7560432
103	0.723690833			0.729039701
104	0.970778904			0.407244378
105	0.667567237			1.192988201
106	0.46041428			1.077631074
107	0.610292385			1.155711066
108	1.1142846			1.2103884
109	0.6360633			0.7136856
110	1.1547441			0.9987003
111	1.3601385			1.3383603
112	0.98462036			0.22303381
113	0.25272924			0.407511365
114	0.9068922			0.8038953
115	1.0697292			1.1576412
116	1.1834154			0.4194801
117	1.389936266			0.313834039
118	0.1565433			1.0990998
119	0.4638357			1.0031958
120	0.5790204			0.9339651
121	0.666868177			0.530698959
122	0.946627979			1.082079694
123	1.215189478			0.990892596
124	1.060565591			1.258110061
125	0.0154845			1.3050936
126	1.2880107			0.7700292
127	1.1621367			1.0695294
128	0.7217775			0.544455
129	1.3613373			0.6275718
130	1.36789577			1.284564123
131	0.044077436			0.745868936
132	0.9705285			0.8554437
133	0.7943049			0.6015978
134	1.0258731			0.712287
135	0.782688878			0.956162372
136	0.0425574			0.6650343
137	1.050038011			0.84881489
138	0.6035958			0.9933057
139	0.8394597			0.5086908
140	1.438093835			0.351158422
141	0.9331659			0.1240758
142	0.847733263			0.072592485
143	0.592811339			0.026130494
144	0.8764227			0.5427567
145	0.933772691			0.272226086
146	0.461613386			0.482405919
147	1.141899888			0.463755961
148	1.269899831			1.234841813
149	0.340621199			0.71036447
150	0.019327183			0.335493758
151	0.747345949			1.43203982
152	0.0261738			1.0507482
153	0.3660336			0.3392604
154	0.007110028			0.600274701
155	1.118404758			0.273374755
156	0.9084906			1.3662324
157	1.1447541			0.8448543
158	0.216133201			0.544967562
159	0.36963				1.3518468
160	1.047851504			0.548716455
161	1.3661325			0.81918
162	0.7326666			0.9419571
163	1.073291627			0.500184507
164	0.518187089			1.072639832
165	0.4612383			0.5327667
166	0.6054939			1.3157829
167	0.010461862			0.049502479
168	0.6289704			0.4196799
169	0.2565432			0.916083
170	0.373626			0.8769222
171	0.8973018			0.1956042
172	0.6665328			0.5829165
173	0.7798194			1.3394592
174	1.0546443			0.1246752
175	0.727660463			0.459892261
176	0.140859			0.6106887
177	1.2786201			0.0326673
178	1.3401585			0.7129863
179	0.097910662			0.808984686
180	1.0726263			0.9307683
181	0.873270872			0.967359249
182	0.725528113			1.07062369
183	0.702821569			0.111671784
184	0.915111858			0.490968483
185	0.8025966			0.226773
186	0.5199795			1.0166823
187	0.7045947			1.4041944
188	0.7370622			1.1434554
189	0.7391601			0.782217
190	0.743088339			0.004275039
191	0.568737156			0.763011547
192	0.625567473			0.475481854
193	1.3754232			1.0216773
194	1.30298206			0.893467019
195	1.011758121			0.093370727
196	0.239590545			0.302579723
197	0.3628368			0.5821173
198	1.063365891			1.393916778
199	1.1487072			0.677127688
200	1.4147838			1.3884102
201	1.0621368			0.7601391
202	0.506494857			0.815061043
203	0.550986351			1.283538822
204	0.6376617			0.2643354
205	1.2688299			0.4827168
206	0.675700017			1.251174098
207	1.31014877			0.659238507
208	0.9761229			1.2031956
209	0.7087905			0.2725272
210	0.6099894			0.5461533
211	0.5683311			0.1054944
212	0.546721757			0.516318971
213	0.9519471			0.7391601
214	1.376622			0.9039951
215	0.40831236			1.290431848
216	1.0854135			1.0192797
217	0.671304677			1.122125156
218	0.4468527			0.3449547
219	0.775177153			0.13099245
220	0.57092363			0.250501194
221	0.4448547			1.366632
222	0.419400819			1.156589669
223	0.4284711			0.8307684
224	0.8326665			0.4463532
225	0.792833911			0.318602277
226	0.1864134			0.6681312
227	0.4592403			0.7701291
228	0.4063932			0.0944055
229	1.212660528			0.488311311
230	1.420731502			0.936564422
231	0.3285711			0.4837158
232	1.0035954			0.7776216
233	0.874769843			1.4263213
234	0.7044948			0.0518481
235	0.921668587			1.217190285
236	1.434273306			0.194537078
237	0.420115423			0.584166951
238	1.238323935			0.933158959
239	1.292891221			0.13260386
240	0.2239758			1.4230755
241	0.846658285			1.079335472
242	0.46769384			0.70744214
243	0.803611758			0.786985449
244	0.8712279			0.3570426
245	0.5251743			1.3721265
246	0.2872125			0.7414578
247	0.9588402			1.0113876
248	0.2378619			0.041958
249	0.2548449			0.8224767
250	1.2254605			1.409307994
251	0.7730262			0.7445547
252	0.909246569			0.870501111
253	0.615462586			0.835744374
254	1.0044945			1.0793196
255	0.347515425			0.802836208
256	0.8517474			0.6542451
